;51,2,47,56,9,70,75,1,50,4,68,46,10,71,38,49,66,9;
;66,2,66,44,1,51,2,47,56,9,68,68,31,47,38,49,66,9;
;47,13,48,51,1,71,44,4,43,2,77;
;51,1,65,61,1,51,1,68,44,13,75,5,51,12,44,65,1,77;
;66,2,76,45,1,53,70,2,71,3,44,46,1,66,1,76,46,1,56,75,7;
;66,2,66,44,6,46,1,49,1,45,45,32,52,9,51,4;
;2,67,1,66,2,49,43,4,43,2,77,71,2,66,9,77;
;49,2,46,3,70,1,71,4,45,2,6,49,10,66;
;66,2,49,43,3,68,31,47,2,49,43,3;
;2,67,1,66,2,43,37,44,43,2,68,53,19,50,2,75;
;66,2,66,51,14,66,44,6,49,10,66;
;68,2,51,48,9,65,4,43,4,76,49,11,75,70,9;51,2,49,43,3;
;66,2,49,43,3,68,31,47,2,49,43,3;
