;70,2,53,3,44,1,75,1,49,66,7,51,8,60,56,1,70,2;
;74,2,53,3,68,1,66,66,1,76,70,5,75,3;
;66,2,66,44,3,43,13,68,69,2,76,73,3,74,18,46,1;
;66,2,49,75,9,70,71,44,1,46,2,44,69,3,75,4,70,31;
;75,19,53,1,47,4,45,5,43,6,58,1,70,66,2,46,3,77;
;51,1,67,2,76,66,6,44,7,66,5,77;
;66,2,66,49,2,44,46,3,76,45,7,52,7,66,2,75;
;66,5,44,3,51,31,65,1;
;66,5,44,3,51,37,45,7,45,31,52,1;
;49,10,75,70,2,77,71,18,44,46,1,68,7,53,74,16,75,41;
;47,1,66,5,70,43,3,49,34,70,43,1,43,4,70,5,70,6,75;
;45,1,53,70,1,54,1,61,61,2,76,44,13,68,69,5,70,43,6,49,1,70;
;75,1,44,13,49,67,1,45,2,49,43,3,71,4,76,49,14,48,15;
;8,66,43,6,68,7;
