;51,5,56,9,66,51,1,67,5,47,44,6,46,43,1,66,31;
;51,2,49,75,9,76,47,56,7,70,70,2,53,3,44,31;
;51,2,47,56,9,68,73,4,45,38,49,66,9;
;71,44,1,67,1,75,38,70,5,75,3;
;51,1,68,5,56,7,66,66,2,49,43,1,46,1,43,1,49,43,2,77;
;68,46,7,66,11,43,37,70,5,75,3;
;66,2,49,43,3,53,19,50,2,75,5,46,9,47,1,66,7;
;46,2,68,3,66,7,56,1,43,2,66;
;75,31,45,5,76,56,1,45,5,46,3,46,4;8,66,9;
;71,44,1,67,1,75,2,77,71,44,2,66,43,15,66,66,1,44,1,66,7;
;5,75;56,45,1,5,46,3;8,66,9;
;2,67,1,68,46,5,46,2,71,9,53,1,56,57,1,66,1,77;
;75,31,45,5,76,71,44,2,66,9;
;75,31,45,5,43,6,68,46,5,44,3,76,71,44,4,71,70,13,66,1,77;
;66,2,66,37,70,66,2,44,1,76,71,44,2,46,9,47,1,66,1,77;
;75,1,50,4,58,1,70,40,54,2,76,71,3,47,43,1,66,1,77;
