;2,67,3,49,1,76,49,51,19,66,1,47,8,51,48,3,65,1,75;
;2,66,9,67,7,74,43,1,77,51,8,76,68,12,43,1,66,31;
;49,2,71,3,66,44,1,44,1,49,1,76,68,13,53,69,2,75;51,8,75,3,44,67,1,75;
;71,5,70,6,44,67,1,76,68,10,43,1,66,31;
;51,8,76,53,44,12,48,75,32,68,12,43,1,66,31,71,44,5,43,3,77;
;49,2,70,9,75,73,16,44,1,49,1,76,58,1,45,2,75;51,32,70,3,43,13,51,66,2,75;
;50,7,75,1,52,1,65,63,35,44,43,13,51,66,2,75;
;2,66,9,67,10,70,4,76,43,2,66;
;75,1,70,37,44,2,60,58,3,70,1,76,51,44,7,43,1,66,31;
;66,2,66,51,1,67,2,76,51,44,9,43,1,66,31;
;13,68,5,50,3,44,1,65,1,75,13,56,43,1,66,31;
;56,1,66,46,5,44,37,43,2,68,7,58,2,70,6,77,49,43,13,77;
;66,2,44,50,7,51,8,76,51,44,9,43,1,66,31;
;70,2,51,3,67,43,1,66,31;
;2,67,1,74,4,48,4,74,43,4,49,2,76,51,15,44,43,4,75;
;2,67,3,71,44,4,49,1,55,53,7,51,5,70,9,46,4,51,43,6,70,7;
;51,2,77,51,4,45,2,77;8,66,9;
;71,2,60,56,3,50,37,44,5,53,1,66,5,77;8,66,9;
;71,2,60,56,3,53,1,66,5,77,49,2,71,6,68,4,77;8,66,9;
;71,2,60,56,3,53,1,66,5,77;
;68,2,47,3,51,48,1,65,1,71,4,68,5,47,56,3;8,66,9;
;71,2,60,56,1,68,2,47,3;8,66,9;
;58,1,45,2,76,71,9,73,31,43,1,75;8,66,9;
;10,48,2,66,66,1,71,66,46,5,71,9,73,31,43,1,75;8,66,9;
;1,70,43,1,68,5,51,8,75;
