;54,1,70,2,77;
;1,49,8,77;
;46,2,44,75,3;
;53,1,58,2,77;
;71,44,1,66,70,1,53,1,58,2,49,43,6,49,67,7,71,1,60,58,1,44,2,77;
;75,1,50,2,66,37,58,1,45,1,56,1,44,2,49,43,3;
;71,44,1,66,70,1,53,1,58,2,49,43,3;
;53,1,58,1,68,1,70,66,2,77;
;53,1,58,1,68,1,70,66,1,75,2,43,6,77,71,13,48,71,5,77;
;73,13,68,69,1,51,1,67,5,55,51,9,66,37,53,1,58,1,68,1,70,66,2,77;
;14,48,61,44,3,51,1,77;
;14,48,61,44,3,77;
;13,48,61,44,1,68,13,53,69,2,75;
;53,37,68,13,53,69,2,75;
;56,1,75,1,44,1,68,13,53,69,2,75;
;56,1,75,1,44,2,77;
;56,1,75,1,44,1,45,37,51,2,77;
;51,34,45,4,49,2,77;
;75,4,70,1,49,2,76,49,2,44,3,77;
;56,1,75,1,44,1,45,37,51,2,49,43,1,75,2,44,51,3,66,1,77;
;45,37,75,1,47,2,77;
;46,20,51,3,77;
;74,1,45,45,2,77;
;47,46,31,66,2,46,3,51,48,4,77;
;47,46,31,66,2,71,15,56,57,1,77;
;74,1,51,66,2,71,15,56,57,1,77;
;74,1,51,66,2,58,9,50,46,1,77;
;50,2,44,9,66,1,77;
