;51,1,71,38,66,43,6,1,65,63,5,70,9;
;1,65,63,5,70,9,71,39,48,1,43,1,66,7;
;73,4,45,2,5,48,61,6,50,70,7,51,1,77;
;73,4,45,2,75,71,39,48,1,43,1,66,7,51,1,71,38,66,12;
;71,44,1,66,70,38,68,2,75,3,77,51,1,71,38,66,6,70,4,75;
;73,19,50,2,68,68,46,5,44,3,76,74,14,44,15,48,4,65,4,75,2,43,3,70,1,75;
;8,66,3,44,4,65,7,51,1,71,38,66,6,70,4,75,2,43,3,70,4,70,7;
;73,1,50,2,46,1,49,66,4,68,20,47,4,68,2,75,6,77;
;49,14,73,3,50,1,46,1,77;
;43,5,70,33,70,1,70,10,43,1,70,66,31,46,5,58,6,43,1,51,1,71,38,66,6,77;
;1,74,7,58,60,5,70,6,70,7,66,32,48,6,75,71,4,68,32,48,15,73,1,69,43,1,70,66,31;
;46,4,58,8,70,1,77,71,44,2,75,15,51,66,4,4,51,5,47,2,75,14,66,71,3,66,1,70,66,7;
;1,74,7,58,60,5,70,36,77,51,4,45,4,70,66,1,44,5,65,9,51,58,60,4,43,1,70,66,31;
;46,32,53,3,46,1,66,66,1,44,37,46,8,58,3,43,1,66,31;
